0 0.504934 0.688750 0.077851 0.048500
59 0.412007 0.622500 0.029057 0.004000
59 0.608827 0.685250 0.029057 0.010500
59 0.455318 0.794750 0.035636 0.007000
36 0.425164 0.741750 0.110197 0.059000
36 0.453125 0.562750 0.014803 0.005500
8 0.367873 0.462250 0.020833 0.007500
59 0.405976 0.263125 0.011513 0.004250
59 0.406524 0.899000 0.010417 0.015500
59 0.931743 0.872500 0.021382 0.019500
59 0.772478 0.951500 0.020833 0.016500
59 0.166393 0.627500 0.027961 0.006500
58 0.329221 0.385375 0.013706 0.008750
59 0.655976 0.365125 0.014803 0.008250
58 0.869792 0.805375 0.019189 0.011750
