40 0.227635 0.396242 0.240809 0.350490
6 0.180607 0.348652 0.033395 0.040441
6 0.131740 0.297590 0.033088 0.038807
6 0.136183 0.269608 0.029105 0.054739
39 0.160692 0.330882 0.040135 0.058007
52 0.670343 0.460989 0.054534 0.122958
16 0.708180 0.275940 0.079963 0.095180
33 0.654565 0.318015 0.062806 0.040441
33 0.819393 0.112337 0.023591 0.013889
33 0.751225 0.320261 0.025735 0.024510
8 0.715227 0.169730 0.009498 0.010212
8 0.742341 0.158905 0.011029 0.008987
8 0.476716 0.130310 0.009191 0.008987
8 0.374694 0.297998 0.012255 0.010212
8 0.442862 0.301062 0.011949 0.011438
8 0.576440 0.309845 0.010723 0.011846
58 0.868873 0.020833 0.013480 0.008170
