20 0.853554 0.292586 0.173611 0.134191
27 0.869485 0.211244 0.184232 0.101409
6 0.467116 0.659007 0.098448 0.227328
59 0.305556 0.696078 0.027778 0.023897
59 0.393995 0.581342 0.028186 0.012561
59 0.271446 0.887714 0.051062 0.010723
59 0.188113 0.853860 0.043709 0.018995
21 0.325368 0.492034 0.193219 0.096814
27 0.417892 0.496936 0.079248 0.088235
55 0.402369 0.498468 0.264706 0.068627
59 0.427083 0.511029 0.020016 0.012255
59 0.480392 0.509038 0.028595 0.011949
59 0.332108 0.979933 0.024510 0.026042
59 0.462418 0.372855 0.008987 0.017770
