6 0.536305 0.313725 0.061581 0.063725
6 0.642923 0.471201 0.068934 0.116422
9 0.526348 0.424837 0.012868 0.014706
9 0.540901 0.464665 0.017463 0.028186
9 0.753523 0.485498 0.041973 0.057598
9 0.888174 0.560458 0.034314 0.030229
9 0.737745 0.379289 0.011642 0.012663
9 0.636489 0.375613 0.008272 0.011029
9 0.604779 0.277369 0.015319 0.042484
9 0.572457 0.380310 0.015625 0.011438
9 0.588235 0.450980 0.018995 0.013889
9 0.672641 0.461193 0.017463 0.019608
9 0.549786 0.529003 0.013787 0.026144
9 0.489737 0.632353 0.051777 0.022876
9 0.357384 0.639706 0.015012 0.018791
9 0.629289 0.608456 0.019608 0.062500
9 0.675551 0.558415 0.052083 0.050654
9 0.610294 0.683211 0.020221 0.017565
9 0.601869 0.525531 0.041973 0.024918
9 0.668352 0.601716 0.009498 0.021242
9 0.710018 0.560049 0.021752 0.044118
9 0.719516 0.625817 0.016238 0.010621
9 0.692862 0.627859 0.015012 0.018791
9 0.688725 0.641953 0.007353 0.027369
9 0.708793 0.654208 0.010723 0.014297
9 0.524203 0.587010 0.011642 0.012255
9 0.645680 0.618873 0.014400 0.022059
9 0.502298 0.828023 0.016850 0.014706
9 0.669118 0.625204 0.011642 0.011029
9 0.682598 0.626225 0.004289 0.013889
9 0.623009 0.728145 0.017463 0.010212
9 0.666054 0.643791 0.011029 0.013072
9 0.612286 0.543913 0.007659 0.006944
9 0.589154 0.614788 0.006740 0.010621
9 0.645374 0.738562 0.013174 0.011438
9 0.745404 0.768382 0.006740 0.020425
9 0.830729 0.800858 0.006434 0.015931
9 0.652880 0.354984 0.009804 0.009804
9 0.653033 0.636642 0.011949 0.007761
9 0.642004 0.646650 0.005208 0.013072
9 0.648284 0.708538 0.006740 0.016748
9 0.658395 0.720384 0.007353 0.010212
9 0.670190 0.446487 0.013174 0.010621
9 0.684436 0.490400 0.007353 0.007761
9 0.316483 0.466708 0.026961 0.015114
9 0.690717 0.883374 0.018689 0.008578
9 0.840839 0.735498 0.013787 0.015931
9 0.629596 0.368668 0.008578 0.005310
9 0.896752 0.252451 0.009804 0.014706
9 0.908854 0.254902 0.013174 0.014706
9 0.906556 0.237949 0.021446 0.019199
9 0.924326 0.232639 0.011642 0.008578
9 0.597733 0.962623 0.020221 0.010212
59 0.738051 0.013072 0.018995 0.010621
