29 0.811428 0.790441 0.091605 0.092320
29 0.946385 0.767770 0.107230 0.105801
29 0.414369 0.124592 0.071385 0.060458
29 0.523438 0.110090 0.058517 0.080474
29 0.753830 0.055556 0.084865 0.037582
29 0.131587 0.268587 0.026654 0.113971
29 0.670037 0.088235 0.071078 0.021242
58 0.620251 0.099877 0.041360 0.069036
31 0.894608 0.641953 0.112745 0.141748
5 0.372243 0.612949 0.191789 0.327206
5 0.259651 0.688521 0.238664 0.193219
55 0.137714 0.564134 0.140012 0.062092
59 0.341605 0.506127 0.011642 0.049837
