21 0.682598 0.694853 0.108660 0.094975
21 0.836806 0.077359 0.067402 0.049939
20 0.466299 0.582721 0.157271 0.074142
55 0.642157 0.766850 0.111928 0.110907
55 0.823529 0.043811 0.043301 0.087623
27 0.660131 0.740043 0.102941 0.070159
27 0.841095 0.040594 0.069444 0.040135
17 0.476511 0.448989 0.307598 0.206189
17 0.895016 0.295803 0.209150 0.219056
34 0.685049 0.210018 0.184641 0.081801
33 0.625204 0.425705 0.045343 0.041360
58 0.843342 0.688725 0.082925 0.042892
59 0.724673 0.268382 0.032680 0.007353
