5 0.285131 0.225337 0.136438 0.112439
59 0.463235 0.946385 0.024510 0.017770
59 0.207516 0.627451 0.006536 0.013480
59 0.212010 0.615809 0.020425 0.011029
59 0.213235 0.652267 0.006536 0.010417
59 0.205882 0.652574 0.008170 0.012255
59 0.012663 0.775429 0.022059 0.012868
59 0.062092 0.455882 0.011438 0.012255
59 0.062092 0.426777 0.006536 0.012868
59 0.052696 0.392770 0.012255 0.009804
59 0.062092 0.416360 0.004902 0.009191
59 0.438725 0.132047 0.006536 0.009191
59 0.460376 0.121324 0.010621 0.007353
59 0.489788 0.235600 0.022059 0.006740
59 0.754493 0.439032 0.008987 0.011642
59 0.799020 0.818934 0.021242 0.016544
59 0.029412 0.534007 0.019608 0.006740
59 0.275735 0.575061 0.004085 0.012868
