12 0.282322 0.626634 0.094056 0.209967
12 0.269301 0.453023 0.094363 0.214052
12 0.247089 0.423611 0.083027 0.272876
12 0.357384 0.336806 0.076900 0.151552
12 0.520221 0.350490 0.063725 0.147876
12 0.609069 0.329453 0.066176 0.140931
12 0.649203 0.294730 0.053309 0.132761
12 0.720588 0.365605 0.075368 0.144608
12 0.761795 0.375613 0.039522 0.082108
12 0.708333 0.315359 0.069853 0.130719
12 0.148438 0.489992 0.044424 0.109886
5 0.173866 0.660948 0.077512 0.353758
40 0.788603 0.208333 0.259804 0.303922
50 0.274510 0.549428 0.033701 0.032680
50 0.269608 0.363766 0.028799 0.026552
50 0.241115 0.307190 0.028799 0.016340
50 0.520833 0.292484 0.021446 0.012255
50 0.619179 0.273489 0.020221 0.014297
50 0.734375 0.308007 0.021446 0.020425
50 0.753523 0.391953 0.013787 0.020016
