12 0.548407 0.508119 0.089461 0.085478
50 0.513072 0.542279 0.015523 0.012868
58 0.764910 0.502298 0.027369 0.063419
59 0.086601 0.870404 0.017974 0.021446
59 0.146242 0.352022 0.009804 0.012868
59 0.163399 0.420037 0.011438 0.010417
59 0.150735 0.152880 0.015523 0.003064
59 0.173203 0.168199 0.006536 0.009191
59 0.158905 0.187806 0.010621 0.004289
59 0.185049 0.222120 0.007353 0.010417
59 0.123775 0.304228 0.013889 0.007966
59 0.265523 0.216605 0.019608 0.006740
59 0.252859 0.144914 0.015523 0.006740
59 0.321487 0.125613 0.012255 0.006127
59 0.380719 0.098346 0.017974 0.003064
59 0.332108 0.079350 0.010621 0.003064
59 0.365196 0.048713 0.013072 0.005515
59 0.379902 0.089461 0.014706 0.006127
59 0.365605 0.064032 0.013889 0.006740
59 0.379902 0.049632 0.011438 0.004902
59 0.491830 0.149816 0.009804 0.010417
59 0.473448 0.125306 0.013889 0.006740
59 0.475490 0.104779 0.013072 0.006127
59 0.545752 0.136029 0.011438 0.008578
59 0.607026 0.196385 0.011438 0.009191
59 0.658497 0.558824 0.017974 0.018382
59 0.781046 0.511029 0.013072 0.013480
59 0.577614 0.564032 0.019608 0.011642
59 0.691993 0.524510 0.013072 0.012255
59 0.691176 0.575980 0.011438 0.007353
59 0.572304 0.125613 0.004085 0.008578
59 0.569853 0.137255 0.012255 0.006127
59 0.489788 0.130515 0.008987 0.007353
59 0.034722 0.257966 0.015523 0.004902
59 0.154003 0.429841 0.013889 0.015319
59 0.108252 0.204044 0.007353 0.006127
59 0.197304 0.261949 0.010621 0.004289
